image_width: 1280
image_height: 720
camera_name: narrow_stereo
camera_matrix:
  rows: 3
  cols: 3
  data: [1506.27431,    0.     ,  624.8737 ,
            0.     , 1389.23013,  338.82653,
            0.     ,    0.     ,    1.     ]
distortion_model: plumb_bob
distortion_coefficients:
  rows: 1
  cols: 5
  data: [-0.232117, 0.493909, -0.008957, -0.001702, 0.000000]
rectification_matrix:
  rows: 3
  cols: 3
  data: [1., 0., 0.,
         0., 1., 0.,
         0., 0., 1.]
projection_matrix:
  rows: 3
  cols: 4
  data: [1471.94237,    0.     ,  623.36275,    0.     ,
            0.     , 1368.7343 ,  335.7187 ,    0.     ,
            0.     ,    0.     ,    1.     ,    0.     ]
